Max=8.048714
Min=0.392187
